78 4
91 326
100 592
100 309
313 6415
314 549
314 24638
349 421
350 27988
350 420
351 3037
351 414
354 620
355 910
365 357
367 64517
367 133608
393 567
406 839
406 633
406 1819
421 320
429 619
443 4
656 18723
734 2467
734 906
754 357
1053 462
1053 332
1054 116968
1099 412
1100 1711
1129 998
1642 28297
1642 426039
1644 1432
1667 608
1705 3221
1718 1959
1718 1452
1718 94854
1718 508
1719 1127
1719 23
1719 4582
1719 23880
1719 1577
1720 83400
1722 642
1738 1338
1744 941
1977 524
2106 19452
2106 9026
2107 376
2197 55
2199 2562
2200 33
2201 516
2201 13312
2207 385
2262 640
2267 91
2268 392
2293 566
2324 23038
2419 593
2419 45
2419 444
2419 3166
2854 2421
2854 434
3298 300
3461 42704
3461 367
3461 60
3461 60157
3461 9938
3462 4593
3462 13882
3462 1941
3596 23417
3636 460
3637 81
3637 596
3653 3210
3653 3576
3653 48696
4431 640
4431 78
4471 413
4472 606
4473 1837
4473 1786
4474 133986
4475 1258
4476 30838
4477 59426
4483 1351
4483 2
4485 2010
4565 2481
4697 912
4698 11528
4699 1342
4980 3993
5001 674
5018 345
5018 216
5018 76404
5833 351
5834 2444
5834 70451
5834 391
6805 205650
6808 611
6824 823
6840 17498
6841 11608
6850 21422
6851 53278
6851 45
6865 9072
6866 256242
6867 508
6875 862
6875 1452
6882 1521
6883 742
6884 56
6888 555
6917 216
6987 42
6989 18134
6990 9451
7137 640
7138 16879
7138 2396
7143 348
7241 56
7287 2602
7287 269
7287 15458
7303 906
7325 14861
7681 6113
7762 20038
7762 36432
7809 3177
7810 1170
7810 780
7826 1771
7985 40158
8130 940
8136 184
8271 54
8271 44382
8298 425
8334 698
8697 517
8707 313
8753 988
8810 624
8810 515
8913 2489
8913 728
8928 19642
8930 1918
8932 458
9752 7107
9754 184
9779 11569
9779 28830
9790 2613
9792 28130
10059 3783
10061 910
10062 29410
10062 28014
10062 385942
10510 421
10510 37762
10581 25300
10581 22866
10581 48068
10595 461
10617 34
11126 2030
11126 861
11180 160
11419 22398
11434 622
11871 3257
11872 35102
11872 606
11873 160
11873 6544
11873 78958
11873 1341
11875 326
11921 50890
11922 1318
11992 18040
12031 23459
12058 14476
12070 97
12137 518
12137 32
12137 678
12142 1407
12142 33
12142 633240
12154 28773
12155 327
12155 7575
12155 18898
12156 18
12157 7840
12190 561
12620 2494
12628 664
12628 533
12670 629
12670 53
12670 20552
12749 21308
12749 13139
12760 18440
12861 97
12861 743
12950 542
12993 17776
12993 6738
13008 1836
13029 12080
13030 1785
13030 950
13031 1022
13031 65440
13044 302
13049 559
13056 12945
13056 78
13057 414
13057 444
13059 42666
13077 32210
13079 16228
13079 839
13083 7000
13083 894
13089 160
13089 334
13089 25086
13179 529
13287 709
13882 32470
13898 2477
13934 710
13940 59212
13940 37062
13944 1472
14498 53239
14499 26712
14500 56506
14586 908
14586 340
14920 3882
14920 742
14920 1240
14993 1476
14994 5027
14995 526
14995 54
15018 186060
15019 365
15058 33612
15078 28530
15078 1519
15176 1471
15177 414
15378 14877
15553 515
15553 54244
15556 18
15556 706
15572 343
15573 671
15640 1396
15640 550
15716 8560
15716 1880
15725 4624
15725 562
15734 7782
15734 1221
15734 41
15735 17488
15970 66735
15974 369
15974 2
15975 18429
15975 29026
16061 417
16073 614
16077 56
16080 4309
16080 216
16102 668
16135 505
16135 1185
16165 707
16169 21578
16169 323
16347 4450
16363 1231
16363 2518
16364 605
16374 254
16375 11587
16375 630
16391 451
16391 48936
16470 95109
16470 536
16511 2390
16511 499
16511 413
16511 13728
16528 2558
16528 17201
16529 2077
16529 14262
16529 414
16531 462
16541 1070
16541 3335
16541 15310
16706 18316
16706 3487
16902 2701
17334 2
17334 26717
17528 81862
17529 8308
17529 1550
17634 3358
17635 2424
17754 55257
17754 36602
17811 343
17818 12
17818 1080
17866 323
17902 14660
17974 366
17978 24
17998 8019
17998 633
18045 183
18050 32
18050 3144
18082 539
18082 664
18082 476
18108 70598
18114 122064
18130 2008
18132 6061
18144 705
18144 50742
18194 503
18595 1765
18722 606
18722 17331
18781 54
18787 511
18787 2489
18886 804
18990 10
19000 49976
19124 872
19130 2305
19130 709
19168 450
19168 18362
19168 510
19168 1269
19184 5860930
19184 367
19316 441
19317 16
19318 12778
19323 8266
19372 414
19442 54
19450 22962
19453 1320
19544 647
19544 1388
19545 367
19780 22196
19780 225344
19797 1475
19820 1574
19820 4793
19820 64979
19820 1496
19897 661
19898 304
19898 160
19910 2
19919 660
19919 46544
19928 492
19928 56
19929 20737
19939 67764
19942 47320
19947 1746
19947 578
19999 197262
20498 441
20507 23
20591 174556
20626 527
20666 125784
20697 631
20697 41
20750 493
20750 49626
20757 499
20757 37776
20815 75509
20815 25
21147 8474
21172 56
21173 187053
21304 1200
21315 58825
21315 1264
21316 372
21380 914
21381 493
21383 14863
21384 427
21385 2653
21386 646
21391 26234
21392 15201
21393 1030
21393 934
21400 1664
21401 71256
21497 41334
21497 13397
21510 1626
22047 184
22071 2566
22072 414
22074 5012
22074 3144
22077 31548
22077 1252980
22131 300
22174 1078
22220 1390
22248 3226
22268 832
22364 192
23049 151
23050 6514
23051 2932
23051 2280
23054 313
23909 1846
23918 23
23918 317
24820 18909
24821 25810
24842 1496
24939 3541
24942 580
24942 3
25007 2315
25007 1330
25008 11400
25018 406
25583 698
25583 784
25778 58559
25778 688
26076 4439
26077 7695
26155 2013
26254 1334
26262 1766
26274 5076
26358 97287
26369 304
26369 20880
26400 302
26404 1465
26409 21
26409 15222
26410 647
26999 3269
26999 413
27000 1133
27150 46
27196 122986
27210 535
27211 1212
27213 3890
27216 13185
27295 55257
27297 186209
27297 515
27297 1992
27297 161
27299 2880
27300 33788
27377 1657
27379 1155
27384 623
27384 10
27396 195
27399 6443
27401 497
27590 12
27608 24980
27611 365
27848 9836
27848 696
27849 275
28696 633
28699 5
28700 19298
28700 1557
28700 781
28702 348
29445 1005
29445 523
29445 249
29445 11304
29910 73512
29910 562
29978 755
29978 472
29978 91
30040 303
30041 41
30042 304
30046 1099
30053 1067
30053 4438
30072 449
30227 552
30230 628
30260 505
30260 910
30940 632
30946 1747
30946 161
30946 529
30948 216
30949 3453
30979 848
30992 28980
31004 23
31005 549
31006 708
31007 592
31078 3329
31079 8336
31080 13285
31080 33
31165 293
31237 495
31368 2990
31381 535
31502 341
31502 49712
31502 22118
31514 983
31549 93888
31549 623
31550 20322
31618 13894
31791 413
31791 2764
31801 802
31828 1503
31884 67322
31884 29314
31887 8150
31889 297
31889 578
31891 333
31892 1
31919 4129
31921 8
31921 2444
31921 216
31921 2345
31952 2384
31952 23
31976 300
32011 5106
32011 257
32228 314
32236 381
32344 261
33041 613
33041 69004
33041 3965
33079 372
33089 4084
33115 10988
33188 72736
33188 598
33191 1810
33292 22866
33294 371
33330 42307
33330 28013
33582 52980
33584 7364
33584 13040
33676 1978
33719 2767
33741 120816
33759 1423
33765 23582
33793 3
34028 1496
34029 22730
34049 501
34049 2316
34049 10
34050 317
34249 71581
34249 12072
34250 366
34251 1076
34251 23
34251 276
34527 514
34527 1553
34569 36
34951 505
35029 549
35029 632
35080 300
35080 14056
35082 26096
35082 2489
35082 810
35096 161
35239 271
35264 495
35264 2257
35264 234796
35274 84
35279 3790
35280 13141
35724 6884
35724 37108
35725 517
35955 2165
35956 382
35957 24230
35957 106130
35958 2124
35959 107926
36051 1310
36052 269
36936 276628
36936 15791
37658 4556
37658 102122
37696 2793
37697 816
37703 722
37705 45218
37921 251
37936 340
37976 11618
37976 14452
37988 303
37991 4509
38712 740
38713 2212
38797 91756
38798 132736
38828 473
38828 1432
39178 204
39193 19536
40084 550
40085 6597
40115 361
40115 68014
40136 12156
40136 12152
40136 56
40958 549
40959 2695
40971 177114
40971 2037
40971 365
40971 135380
40972 15872
41008 27666
41112 40956
41112 507
41122 3880
41208 365
41208 16
41215 54
41215 6558
41215 9855
41215 843
41307 10280
41725 3236
41725 4101
41733 1382
41734 271213
41734 47352
41744 133888
41793 351
41820 216
41825 16214
41895 14342
41897 413
41898 2
42043 328
42071 13620
42080 56
42084 276
42085 1939
42089 334
42091 24945
42092 23350
42150 64944
42236 1230
42237 16420
42245 6946
42275 33470
42280 11196
42287 1663
42292 479
42293 4814
42411 531
42411 2340
42411 17448
42438 3139
42580 78
42580 1516
42740 1900
42897 1511
42898 762
43207 498
43219 549
43225 16070
43227 15972
43282 45
43299 1384
43299 69856
43301 333
43305 594
43306 797
43359 4439
43649 1979478
43649 407
43818 33
43818 3698
43818 16314
43822 12
43892 306
43893 495
43897 7047
43897 12755
44506 430
44506 1446
44506 184
44506 15105
44506 376
44508 5
44520 6694
45035 27104
45036 1432
45037 836
45037 265
45044 704
45044 472
45044 1044
45044 23702
45099 631
45108 31716
45109 54
45115 842
45115 5324
45151 3171
45151 316
45152 2521
45152 622
45152 1380
45170 1970
45171 530
45176 369
45186 6823
45687 24826
45687 1173
45687 19684
45743 367
45996 1566
46005 47354
46005 4638
46020 327
46020 18620
46020 19621
46020 367
46712 38209
46713 189
46714 686
46861 35708
46861 1279
46861 351
47088 532
47088 1588
47088 8145
47148 547
47152 47254
47672 54
47693 270
47697 590
47698 6650
47737 3806
47737 1496
47737 6934
47738 1080
47944 4305
48039 34704
48066 21018
48073 792
48248 14704
48250 782
48250 157
48250 35136
48258 24906
48260 335156
48260 1654
48261 39090
48262 1216
48385 56
48397 558
48397 27008
48398 2384
48398 32536
48398 363
48398 3413
48398 224316
48687 377
48689 6591
48690 517
48690 4
48691 2833
48702 872
48702 34394
48704 452
48709 844
48796 511
48824 516
48824 1230
48824 1305
48963 467
48974 373
48974 22488
48975 2204
48994 331
49011 6
49011 720
49021 1408
49021 8947
49115 49853
49115 4738
49116 3715
49116 3372
49116 55710
49237 1518
49321 1939
49322 741
49322 10875
49322 370
49322 26632
49336 349320
49336 492
49336 29624
49343 10
49344 973
49345 977
49345 371
49345 1014
49345 46974
49345 37854
49390 21289
49412 216
49457 6560
50115 17251
50149 59464
50154 27464
50155 43902
50155 63361
50188 24780
50188 91
50188 1525
50324 9702
50392 52711
50392 36
50410 51704
50410 1700
50726 188
50726 5305
50729 16230
50773 2687
50811 12
50823 16113
50856 707
50857 93450
51631 1655
51632 674
51632 302
51632 435
51644 457
51645 591
51646 498
51659 7
51659 741806
51673 1321
51853 13905
51863 3569
51867 2302
51869 611
51869 1490
51895 298784
51909 67612
51923 1383
51938 267
51950 21730
51950 1559
51950 292626
52012 2444
52019 2773
52019 17153
52019 671
52042 386
52043 55114
52079 211
52080 1116
52080 418
52100 907
52183 1698
52220 326
52274 8222
52279 501
52661 56
52662 192604
52663 7077
52746 4437
52752 82640
52752 344
52783 124
52823 3018
52868 1221
52923 653
52923 78
52948 23
52955 13
52967 19627
52967 54266
52968 18739
52970 50166
52970 102933
52997 1428
53099 365
53236 3132
53237 50328
53607 31670
53608 413
53608 21752
53609 31042
53610 15460
53610 12173
53756 303
53756 7852
53774 537
53837 428
53838 2751
54207 24738
54220 1279
54229 24
54229 106934
54242 29134
54258 47695
54488 367
54513 1496
54513 1213
54558 526
54588 549
54968 419
54983 17987
54983 1326
55710 7568
55728 4
55748 12893
55968 32
55968 26498
55972 56
56028 504830
56044 108598
56064 48458
56099 12
56100 7656
56119 773
56119 725
56163 90023
56163 16637
56164 41686
56185 307
56186 16097
56196 66186
56198 276
56199 4157
56224 48776
56224 453
56224 18382
56241 430
56285 1018
56285 276
56533 1203
56533 694
56536 101733
56654 1743
56722 1877
56722 1236
56722 6532
56769 349
56868 15646
56925 192
56925 912
57021 4437
57027 17594
57498 9466
57536 115225
57548 13127
57635 674
57635 479
57672 33
57673 63994
57772 90428
57772 848
57773 39604
57773 140
57773 22952
57773 327
57773 529
57773 39728
57925 303
58107 9293
58108 78530
58108 421
58108 411
58117 3177
58117 861
58256 1887
58275 56
58275 544
58275 326
58298 22258
59212 396
60014 13558
60015 3804
60015 2619
60015 17597
60106 99
60106 15241
60108 14238
60109 127218
60110 19364
60110 1925
60137 462
60137 710
60137 183
60138 50944
60145 10520
60264 414
60267 5
60330 331
60381 958
60381 376
60453 3127
60453 590
60458 1496
60461 443
60461 35184
60470 418
60471 3583
60472 17374
60472 580
60475 53937
60487 84
60487 1011
60503 20
60503 34564
60518 1205
60519 102014
60520 606
60520 6941
60522 20196
60527 414
60541 3
60562 2315
60563 1080
60602 504
60602 842
60602 656
61111 510
61139 2484
61141 136586
61141 323
61143 837
61174 61
61206 326
61237 1376
61277 3654
61440 304
61582 512
61582 216
61909 1321
61911 97
61911 50992
61918 100478
61918 26244
61944 53530
61948 6486
61951 22326
61951 14478
61951 2315
61952 340
61952 5167
61953 1074
61956 244558
62098 1196
62117 381
62117 31730
62119 1432
62121 1524
62122 465
62122 143696
62124 4067
62124 8667
62198 49614
62199 521
62199 1711
62229 39436
62663 996
62682 382
62682 2
62683 1297
62683 82
63168 41760
63230 960
63233 6671
63234 51646
63421 418
63432 1737
63432 499
63610 13518
64207 670
64208 374
64208 1295
64208 2143
64209 1098
64209 2662
64214 342
64371 10
65093 2521
65098 95476
65099 27933
65150 84
65151 3814
65151 32950
65152 662
65153 3423
65160 4731
65160 203189
65160 35104
65409 565923
65610 381
65610 554
65610 4
65667 98448
65681 1060
65681 494
65686 118522
65686 1068
65686 1488
65686 32
65687 19772
65689 1424
65689 24120
65692 70724
65702 37
65787 3315
65792 6337
65941 798
65941 6304
66138 276
66151 8696
66151 3
66153 302
66201 303
66210 312
66814 56
66814 327
66815 10722
66816 13480
66816 1238
66869 4377
67315 1592
67315 523
67344 2412
67380 187
67381 4260
67381 13905
67382 8508
67395 184
67395 3473
67433 517
67442 620
67443 31824
67445 517
67445 358
67445 78
67446 2132
67469 314
68095 730
68103 15956
68104 70135
68163 8291
68218 6886
68219 56
68219 40590
68219 27612
68362 103414
68363 685
68465 579
68465 419
68466 1084
68536 582
68537 216
68537 203
68537 454
68542 78
68645 73539
69040 623
69046 707
69313 462
69314 514
69334 505
69335 6878
69575 547
69575 96108
69575 550
69628 353
69629 431
70020 439
70022 8916
70023 3215
70023 413
70291 458
70308 3300
70362 72536
70363 4558
70363 4110
70369 301
70436 326
70436 490
70437 1516
70437 20262
70445 40284
70445 3259
70469 451
70488 22404
70501 29824
70501 186
70501 413
70705 841
70723 2347
70977 782
70986 7438
70994 554
71152 37678
71153 5533
71153 2406
71153 7868
71153 340
71153 709
71154 16014
71154 19642
71194 10538
71247 276
71278 20
71278 842
71278 728
71278 414
71284 40288
71343 800
71343 14960
71348 39762
71432 758
71432 39669
71432 182
71473 1357
71480 1112
71485 1496
71485 414
71487 72732
71487 677
71924 224
71926 414
71927 13458
71927 978
71963 299
71980 32870
71980 268362
71980 13140
71980 2541
72338 367
72338 40042
72346 482
72788 1583
72795 337
73514 381
73514 390650
73516 344
73517 2068
73531 2909
73553 2489
73567 996
73599 16889
73599 3356
73609 66004
73609 560
73609 441
73610 340
73610 525
74460 1142
74467 1922
74468 44954
74471 216
74496 5474
74504 183
74524 7536
74524 15386
74529 1203
74551 25944
74551 594
74642 530
74643 273
74658 7812
74661 5
74661 32328
74662 144736
74662 46890
74663 74036
74665 1815
74769 1496
74771 1686
74872 429
74877 453
75022 1647
75023 18901
75023 908
75052 385
75052 344
75052 38912
75052 216
75052 5
75052 818
75263 13360
75270 1637
75270 269
75270 275
75274 76248
75280 468
75286 450
75332 18
75333 1212
75334 4216
75337 414
75337 2424
75337 699
75339 40568
75449 12310
75538 20518
75596 8106
75665 1260
75822 22334
75822 452
75822 343
75830 14748
75831 17377
75832 2411
76112 66277
76127 1210
76140 551
76141 13128
76143 928
76143 4822
76143 301
76143 39460
76143 26276
76161 1070
76242 1452
76242 2412
76243 706
76250 35226
76250 48242
76251 29406
76251 24992
76274 30752
76275 879
76281 706
76318 428
76589 18002
77254 55230
77305 707
77306 11366
77307 630
77537 1953
77542 351
77561 427
77582 1861
77582 534
77586 16482
77600 413
77606 17021
77819 357
77825 25554
77988 14418
77989 419
77989 29556
77989 6421
77989 1070
77989 2327
78825 434
78828 4815
79299 4299
79299 12224
79311 14964
79321 55832
79373 33
80258 1101
80269 12684
80274 11660
80275 85534
80464 654
80465 325
80483 216
80485 551
80504 15224
80782 182929
80784 1519
80784 457
80785 2618
80786 628
80824 161
80824 3226
80825 769
80842 2014
80850 1116
80850 591
80861 18
80863 397
80898 3517
80924 643
80924 638
80928 15144
80929 500
80949 1854
80950 350
80950 67
80951 365
80956 6156
80956 1136
80992 26084
81011 1651
81012 17758
81012 2352
81306 24366
81312 1380
81312 33982
81313 18312
81320 429
81320 2135
81321 151
81321 8619
81325 92082
81424 418
81436 29196
81822 449
81825 622
82730 14910
83057 274830
83057 590
83058 10
83059 7452
83060 2251
83151 17124
83151 2479
83270 473
83347 571
83359 356
83393 682
83470 1368
83476 607
83477 7466
83477 36854
83584 303
83591 9050
84036 367
84037 1368
84038 66124
84041 15278
84042 479
84044 141600
84184 510
84185 33
84185 14516
84368 56
84368 406
84369 11257
84463 67550
84463 12
84782 256
84782 25250
84804 4439
85706 1080
85720 56352
85726 185976
85751 365
85907 2799
85907 946
85907 17136
85907 2177
85919 10481
86006 396
86018 821
86019 2186
86020 8688
86020 541
86020 962
86025 13124
86026 990
86395 3204
86410 550
86410 544
86411 53141
86413 482
86418 1419
86418 51775
86431 44358
86431 1136
86432 499
86439 3104
86492 680
86492 36436
86493 5490
86512 23
87301 161
87301 564
87306 412
87762 50998
87801 28512
88260 511
88264 56
88264 22232
88265 67144
88266 999
88387 1922
88387 275
88786 7083
88914 135208
88941 338
88947 8428
88948 2316
88948 300
88948 303
89691 276
89728 484
89864 424
89864 3
89887 87644
89888 11378
89908 22112
89930 2056
89930 622
89930 36542
90331 93556
90332 976
90340 4630
90340 33454
90340 442972
90721 4
90721 29566
90725 5872
90726 13238
90730 1474143
90733 493
90733 28321
90734 19364
90734 4438
90786 56
90786 28200
90790 23902
90790 1503
90792 443
90792 414
90962 44037
90962 1651
91403 1706
91404 5187
91408 5507
91410 1427
91410 391
91410 729
91411 26394
91411 3
91610 75690
91630 527
91631 413
91637 582
91637 19164
91820 56
91950 5
91951 880
91970 2412
92030 82374
92032 1830
92078 91
92079 1214
92080 464
92445 78
92445 29313
92449 28
92943 11656
92943 2641
93811 480
93819 2768
93880 495
93882 180225
93893 19302
93900 338
93900 13076
93901 269069
93940 19863
93991 716
93991 912
94081 48276
94179 68972
94639 2118
94640 54
94640 1082
94641 17
94641 935
94644 27163
94644 5659
94665 418
94665 275
94669 560
94670 23326
94670 443
94707 12536
94707 1262
94941 728
94960 3271
95457 23
95461 543
95631 709
96223 15118
96250 7047
96568 38236
96568 574
96568 1360
96568 821
96568 28868
96569 22888
96569 741
96575 52343
96646 1063
96646 335512
97366 413
97372 640
97374 17294
97374 3919
97374 368
97374 45432
97495 7032
97733 276
97733 461
97742 1455
98272 187
98273 4078
98273 44628
98554 390
98554 3205
99167 1272
99184 11220
99304 6395
99312 69658
99312 4
99312 1004
99312 9502
99326 16138
99326 2332
99347 5841
99547 837
99560 1004
99568 822
99568 423872
99568 551
99569 1161
99569 1295
99570 24
99572 516
99684 4933
99684 1876
99694 224
99718 636
99719 353
99788 18939
99794 428
99795 574
99795 13262
99804 1194
99804 6367
99814 326
99817 29756
99818 49798
99844 794
99875 19418
99875 23
99876 3123
99890 276
99890 413
99901 402
100086 54
100696 1366
100723 30362
100828 562
100830 450
101145 1989
101150 469
101438 2069
101444 304
101786 550
102528 1560
102529 187
102529 1438
102887 397
102889 3358
102931 1298
102931 1452
103013 823
103038 4033
103038 433
103106 1304
103107 19869
103263 330
103263 15730
103263 4439
103263 25212
103263 27134
103264 5714
103384 7158
103392 3138
103393 13085
103395 7958
103511 499
103532 91
103532 14772
104454 3857
104454 5
104609 491
104609 17091
104609 1718
104609 343
104617 1118
104961 366
104973 1040
104989 70
105776 187
105776 414
105776 990
105779 19030
105780 752
105780 468
105781 1786
105869 3033
105869 2170
105881 2208
105882 1251
106008 323
106017 1799
106170 413
106225 13746
106225 50320
106230 1110
106230 84
106230 2252
106243 1004
106244 302
106264 3484
106697 57830
107171 183
107626 736
107626 2073
107627 12012
107645 275
107645 1518
107646 30998
107646 3019
108109 561
108119 357
108119 1911
108135 276
108142 564421
108221 58722
108246 558
108813 2490
108813 29514
108828 7022
108829 527
108997 24870
109377 1408
109482 367
110135 130
110236 1248
110237 464
110237 1037
110237 396
110240 1159
110240 478
110408 505
110495 3116
110593 612
110595 578
110596 1029
110596 781
110601 16275
110906 91378
110935 13150
110935 51408
110936 1616
110970 276
110971 762
110975 688
110975 36108
111006 2
111006 48170
111065 256
111065 11468
111065 33
111065 1861
111105 3122
111105 12
111116 1882
111120 31556
111120 916
111132 34230
111132 16238
111132 1252
111132 56
111150 161
111151 124
111151 450
111151 1074
111151 23687
111152 580
111154 32600
111430 923
111527 690
111527 20908
111529 23
111529 393
111529 33
111529 85354
111530 41694
111532 3131
111546 1024
111551 1899
111555 537762
111562 1560
112079 2554
112151 609
112257 33084
112257 216
112257 473
112257 13687
112257 28486
112321 7
112321 11948
112323 1689
112340 17203
112340 2728
112340 21544
113041 447
113041 626
113055 601
114017 3240
114018 23858
114049 102512
114049 9489
114049 488
114050 926
114066 19464
114078 12924
114079 710
114079 10338
114602 646
114603 499
114603 89072
114605 10
114614 419
114629 10539
114673 209238
114674 6932
114677 1380
114685 15388
114705 1129
115194 593
115194 84470
115429 463
115429 5524
115429 551
115430 54924
115516 28274
115531 32770
115663 288
115663 6162
115667 1820
115668 662
115723 19798
115744 307048
115944 4
115947 11
116331 566
116361 291
116363 580
116377 17200
116378 63226
116409 1079
116464 494
116465 1474
116466 18796
116469 3255
116469 341
116696 2774
116697 496
116761 11826
116781 1983
116782 1857120
117368 3535
117368 4432
117368 10
117368 184
117435 1299
117454 56
117454 84
117469 851
117555 514
117571 14692
117573 1208
117579 3
117579 2469
117581 460
118218 9980
118219 723
118453 402
118470 2006
118470 4792
118470 761
118633 846
118634 56
118634 676
118641 954
118673 50988
118673 2173
118685 284379
118722 275
118756 1204
118760 97
118761 414
118790 459
119133 608
119345 415
119352 1936
119424 368
119431 13292
119442 1278
119443 24701
119449 3195
119450 28
119473 43628
119485 1255
119505 4368
119505 1599
119566 372
119597 20582
119891 12
119903 16834
119903 20864
119903 624
119904 1230
119915 42196
119956 91
119965 171326
119965 4225
119965 1274
119966 13486
120072 3784
120072 184
120073 4847
120073 9295
120771 32962
120773 110202
120814 3023
120821 583
120827 161
121182 441
121327 545
121330 15550
121330 365
121331 2513
121346 7738
121350 8300
121352 2412
121460 56
121870 1534
122367 414
123319 2639
123553 244
123905 518
123939 1344
124178 367
124837 84
124840 15210
124845 19731
124848 1236
124848 510
125213 4296
125245 851
125245 23652
125246 1759
125247 56
125252 1469
125254 156
125254 6085
125254 494
125255 1978
125487 307
125573 5776
125603 6064
125604 515
125609 26036
125609 180
125610 2
125616 962
125616 275
125616 24498
125617 667
126091 37
126239 96900
126240 11982
126240 2475
126241 3640
126242 3202
126243 78
126243 19582
126264 182
126265 48840
126268 33936
126847 1743
126850 16812
126877 861
126879 19875
126884 365
126885 777
126885 1068
126885 2725
126885 327
126920 2203
126952 27254
127697 78
127698 1263
127698 33
127711 494
127712 327
127716 304
128009 502
128010 326
128011 683
128011 1074
128011 76868
128011 449
128015 1774
128023 607
128094 911
128095 2488
128095 2361
128357 1188
128357 1503
128358 21891
128360 428
128545 233
128554 633961
128556 881
128556 1576
129007 1847
129008 56
129009 1414
129009 2726
129009 31700
129013 2486
129921 3
129968 372
129968 707
129986 26476
130429 875
130430 57012
130433 472
130435 2347
130435 1176
130509 3354
130559 32256
130559 512
130559 675
130559 47
130564 1452
130565 4869
130566 523
130574 515
130574 11744
131340 20508
131372 488
131373 1654
131629 319
131653 33
131878 4
131879 27780
131899 338
131958 1060
132065 86108
132085 9602
132085 398
132087 21189
132126 11872
132585 12
132594 445
132594 2724
132594 190
132594 1013
132847 29530
133364 403
133613 160
133613 16006
133614 722
133615 3222
133617 458
133617 339
133622 167974
133784 88298
133785 1814
133786 1202
133787 500
133787 14862
133815 413
133816 39680
133816 541
133967 341
133974 8666
134050 714
134106 1
134106 477
134106 78
134106 161
134166 293
134166 584
134221 33476
134222 1240
134225 583
134226 328
134228 2
134229 173336
134229 30854
134234 16833
134235 615
134235 32016
134236 107517
134237 413
134986 2799
134986 1158
135620 1542
135625 1815
135626 566
135884 27905
135896 2556
135897 21882
135898 75108
135899 782
136311 12269
136423 3832
136424 3569
136600 475
136601 3240
136601 704
136606 25
137252 1496
137252 84
137253 2624
137253 10227
137253 2080
137253 33987
137267 704
137268 2882
137330 705
137330 84
137331 385
137331 4945
137334 587
137340 11018
137341 698
137343 500
137350 2639
137350 509
137407 7049
137482 476
137482 52242
137483 512
137483 20171
137488 78
137492 45942
137663 249
137808 1866
137819 61
137820 17546
137827 116424
137835 453
137838 1344
137838 31
137920 33
137965 27
137966 4822
137966 708
138066 3639
138141 2491
138379 313
138380 414
138392 374
138392 241
138410 2674
138491 621
138547 299
138555 6368
138555 35130
139175 678
139200 1246
139212 30394
139212 18979
139213 927
139214 523
139762 533
139762 37806
139765 108801
139766 440
139854 572
139856 37896
139887 711
139887 6030
140003 27658
140003 958
140014 957
140020 1088
140020 9040
140020 703
140022 6072
140022 1634
140023 441
140976 2734
140976 653
140976 187592
141095 27
141103 320
141103 42326
141108 216
141108 2070
141108 7193
141116 183
141153 77356
141204 1184
141205 4056
141210 13033
141301 334
141313 2391
141819 2215
141834 17185
141835 9474
141906 317
141920 320
141920 395
142522 432
142525 1
142525 1577
142526 14434
142526 60490
142528 216
142530 21096
142530 184
142623 788
142659 356
142659 2533
142660 816
142660 514
142660 1432
142670 20440
142759 27
142760 10803
142760 15789
142760 33
143634 8552
143634 706
143658 2347
143659 28
143924 196917
143928 3
143928 354
144515 308
144516 2840
144516 664
144801 2444
144814 1780
144815 707
144817 304
144872 5238
144873 15486
144920 27
145171 13704
145186 367
145227 433
145227 1078
145227 701
145260 5949
145402 183
145403 3
145519 3431
145528 2539
145602 555
145649 906
145653 413
145653 17858
145668 2250
145668 1472
145669 443
145670 30
145670 1043
145676 54783
145678 4
145793 56
145793 1718
145794 406
145804 451
145805 1550
145817 974
145818 28576
145820 2521
145820 67164
145820 1996
145859 16948
146459 3087
146806 27268
146806 430
147607 56
147607 685
147627 1426
147628 32
147630 19601
147630 352
147652 30741
147653 16
147653 14131
147687 417
147687 488
147688 1944
147753 59052
147763 33
147763 2129
147932 4340
147933 413
148012 535
148012 15269
148013 1587
148015 56
148016 21
148016 47783
148016 30252
148086 8716
148086 48886
148098 84
148113 498
148114 100459
148157 4364
148424 498
148424 1349
148424 1070
148428 19586
148453 4437
148453 4152
149013 19451
149013 193
149013 1720
149013 434
149019 327
149192 32772
149192 64325
149211 1828
149211 2006
149212 477
149219 2
149282 33844
149282 258
149282 307
149282 412
149291 84
149292 597
149946 11138
149946 413
150086 22100
150088 247835
150432 6
150506 32600
150507 552
150507 440
150508 1182
150508 216
150508 607050
150508 327
150524 527
150524 3290
150525 6404
150527 1826
150536 7082
150538 19897
150549 23
150549 75690
150764 1652
151284 2986
151284 1784
151284 53240
151287 61394
151287 39538
151312 1213
151332 1207
151332 118588
151338 1910
151351 29953
151353 373
151354 250
151354 5474
151355 46622
151356 11690
151357 4593
151386 31528
151390 65
151528 382
151528 1116
151666 4150
151666 5
151667 367
151675 492
151675 19888
151691 1499
151692 413
151713 41972
151713 864
151716 1311
151716 508
151716 554
151717 3733
151717 138212
151742 1671
151836 6013
151839 33
152007 583
152007 475
152573 516
152577 518
152577 35
152649 1380
152661 18624
152664 1286
152727 1679
152727 216
152728 664
152809 303
152809 603
152809 2
152813 20575
153437 439
153733 300
153858 68584
153889 2627
153890 1441
153891 2038
153999 501
154000 344
154000 1113
154004 476
154004 19240
154045 23202
154045 28098
154601 22092
154606 40008
154711 10
154723 672
154723 10370
155156 588
155156 809
155156 413
155205 7145
155227 10218
155227 450
155282 635409
155354 252546
155356 1719
155356 984
155357 184
155357 17741
155357 590
155357 4259
155358 1652
155361 4407
155433 4650
155944 24976
155945 352
155952 4
156131 4438
156134 547
156153 5265
156204 1628
156204 702
156207 4416
156207 18904
156210 743
156211 611
157163 522
157163 507
157881 30338
157884 14929
157896 959
157903 1972
158050 1812
158050 28056
158051 418
158057 23
158059 8444
158060 345
158061 16867
158071 2315
158072 23328
158072 22177
158076 438
158079 13132
158118 1394
158179 6235
158179 1271
158180 15507
158226 84022
158226 161
158287 1710
158287 461
158290 1712
158306 7792
158400 15490
158565 752
158566 16436
159315 2532
159316 169700
159316 540
159316 13320
159354 19292
159354 3358
159354 2087
159380 10897
159382 82040
159414 1026
159449 6295
159449 56
159521 19476
159522 878
159523 75698
159524 41
159614 2420
159614 3800
159665 1685
159666 1910
159705 1315
159705 1402
159705 45
159735 1800
159754 78262
159756 210
159758 432
159758 2028
159758 6947
159771 14420
159807 520
159808 454
159866 300
159866 23
159886 733
160029 36028
160089 56
160091 112336
160118 1845
160123 509
160123 29556
160158 1080
160158 5215
160158 363
160158 313
160217 20548
160422 1544
160423 592
160429 25760
160432 848
160432 365
160432 15220
160993 80022
160994 191
161001 136228
161002 1391
161098 811
161276 3450
161277 781
161284 22282
161284 22920
161293 1144
161293 2349
161293 78
161347 50312
161424 3103
161631 2311
161631 632
161632 1134
161633 6
161635 72136
161677 41540
161679 1156
161685 19869
161705 6624
161705 65948
161705 19524
161907 2256
161961 248
161963 1628
161963 27524
161965 609
161965 11260
162948 3440
162955 1649
162968 300
162971 517
162974 365
163001 27592
163007 3029
163008 39544
163009 574
163014 552
163014 10272
163014 42432
163051 13076
163680 2497
163680 2201
163684 304
163685 2720
163690 456
163690 30191
163743 9042
163743 302
164453 551
164913 64032
164929 1692
164930 43
164969 558937
164971 1029
164971 15026
164975 6026
165088 18522
165134 81488
165135 417
165137 13722
165137 456
165421 596
165809 2801
165809 1379
165809 6209
165812 91
165813 3919
165813 471
166776 88044
166776 517
166777 7815
166848 417
166849 78273
166849 1438
166867 295453
166867 782
166871 3786
166871 9122
166872 3
166878 2950
167006 3395
167176 1600
167214 5846
167226 346
167254 56
167276 596
167324 354
167324 419
167324 383
167326 41780
167326 263134
167367 17628
167414 109078
167414 8158
167417 27
167441 8392
167451 1673
167452 3848
167453 66724
167508 1285
167693 4145
167697 509
167697 333
167720 160
167953 28470
167953 974
167953 1946
168792 189083
168793 31196
168795 357
168795 2772
169584 300
169584 1391
169584 775
169587 27048
169943 433
169944 452
170252 413
170253 3799
170315 1266
170472 15028
170486 642
170581 510
170583 292
170584 368
170598 68864
170680 512
170680 37101
170680 5567
171415 1647
171415 216
171415 70390
171415 624
171416 1359
171416 32132
171669 210
171670 32640
171702 580
171720 4286
171757 20540
171763 1234
172206 33
172399 580
172399 300
172400 1401
172400 538
172590 59650
172613 628
172613 3076
172613 16934
172631 1204
172632 1377
172632 273
172633 1038
172890 50
173029 51640
173123 78
173124 161
173125 8
173125 184
173142 35
173145 203388
173161 91216
173161 54
173161 250
173161 41
173161 989
173161 517
173167 16042
173911 744
173912 17747
173912 449
174065 3358
174065 2320
174067 46936
174204 4048
174204 820
174209 141923
174210 503
174210 499
174212 11527
174295 964
174296 449
174296 823
174297 1194
174297 7014
174297 679
174297 2318
174806 541
174812 93176
174894 15924
174894 32
174965 21597
175058 33
175060 4
175060 68686
175201 1710
175201 1279
175201 552
175201 1898
175244 393
175963 34618
176455 702
176657 4368
176657 1432
176658 496
176661 5881
176700 12
176948 426
176968 337
176992 2598
177014 14183
177015 1327
177509 1220
177509 4254
177509 4438
177510 604
177510 549
177554 45295
177557 71748
177670 272
177670 23064
177670 56
177710 935
177710 313
177710 665
177710 588
177710 28
177711 499
177711 796
177711 3175
177750 365
177751 1270
178362 1152
178362 250
178541 190
178546 347
178873 498
178873 2320
178874 216
178929 10928
178947 16015
178947 97698
178954 319
179051 7112
179079 467
179079 163716
179080 38
179093 1323
179093 9199
179093 16896
179100 413
179101 1639
179101 3578
179106 1657
179110 149
180068 43832
180068 62876
180069 488
180069 24052
180069 17214
180069 9110
180075 18504
180076 99266
180779 535
180779 2432
180779 441
180779 75975
180789 73180
181001 2199
181002 57532
181002 5187
181216 56
181216 708
181317 608
181317 1472
181320 1457
181343 4
181345 2117
181364 40930
181415 811
181477 23006
181480 811
181486 15676
181489 1413
181538 14650
181538 149502
181539 33
181559 54
181559 488
181559 4225
181560 1017
181561 1452
181562 540
181861 293
181861 24976
181862 357
182356 586
182514 142120
182514 119142
182514 8792
182516 357
182522 302
182523 2300
182523 982
182523 457
182523 367
182524 366
182619 635
182621 498
182683 552
183154 21601
183154 624
183169 65647
183169 620
183169 9404
183169 654
183170 1150
183170 17
183218 1176
183219 500
183219 22932
183220 896
183221 1179
183221 1730
183234 302
183234 1112
183335 1701
183335 4
183335 1023
183485 91652
184373 502
184373 872
184373 376
184863 53318
184864 10859
184903 251
184903 8
184939 590
184940 26339
184947 216
185062 528
185189 18709
185271 707
185271 21699
185272 645
185329 36
185339 705
185339 85904
185340 41855
185400 580
185418 578
185419 1213
185440 375
185441 3087
185443 33550
185474 19204
185474 851
185475 22126
185475 419
185744 356
185751 2143
185790 28183
185918 67137
185919 1286
186012 506
186035 7911
186035 2212
186102 13037
186125 377
186125 364
186185 33
186186 10044
186264 368
186357 13319
186496 367
186505 2207
186595 10036
186595 4776
186596 894
187328 928
187337 304
187337 29432
187360 18404
187400 455
187400 878
187401 526
187405 1422
187431 12370
187494 45
187494 25884
187504 955
187505 549
187505 1071
187513 383
187532 1246
187532 676
187536 14492
187538 57186
187550 660
187550 160
187550 2033
187551 3370
187551 1233
187575 336
187576 3
187581 1019
187797 641
187797 20165
187812 335
187812 11920
187812 3315
187820 19322
187879 114862
187881 418
187881 1812
187882 365
187971 836
187971 36
187972 74332
187972 615
187972 808
188061 2556
188612 375
188615 49434
188623 45280
188646 414
188646 28307
188649 368
188656 414
188693 3571
188700 20500
188922 1201
188923 10068
188933 417
188934 145810
188934 314
188934 48600
188988 413
188988 748
188988 323
189133 22400
189134 1268
189264 4443
189302 86124
189335 414
189347 300
189374 18798
189375 1727
189375 580
189375 72012
189459 1069
189459 14014
189459 1123
189508 375
189523 2000
189523 48696
189523 632
189523 200513
189523 396
189524 2396
189524 885
189528 216
189548 517
189548 2312
189550 77592
189686 161
189687 1731
189687 275
189735 21536
190416 11810
190432 2432
190542 568
190545 544
190550 23
190551 2802
190584 24606
190741 48726
190742 19086
190743 9198
190751 7966
190996 517
191992 3248
191994 474
191994 1485
191995 306
191995 3177
192044 10311
192044 170557
192044 152258
192061 1361
192070 708
192074 27948
192123 472
192132 2384
192132 3669
192132 11742
192145 2350
192263 7050
192288 66127
192291 2238
192292 413
192292 847
192856 98448
192857 459
192857 457
192857 773
193308 19232
193308 364
193325 12585
193338 478
193366 487
193366 575
193377 18133
193580 6668
193588 620
193783 1284
193784 62462
194194 326
194459 603
194472 305
194472 61730
194500 150
194502 633
194775 413
194775 464
194775 509
194775 509
194992 485
194992 385
194998 36
195062 413
195122 21060
195122 843
195123 643
195123 1452
195425 27044
195425 34582
195425 67652
195425 623
195431 15180
195431 700
195526 476
195527 28083
195528 5
195528 1425
195528 610
195562 9100
195574 46311
195585 638
195585 1505
195585 2135
195586 1405
195586 2849
195640 28318
195643 27929
196167 15220
196168 742
196226 2067
196226 216
196226 997
196227 16
196227 1733
196618 2372
196835 302
196891 365
196892 449
196892 49392
196893 216
196893 5595
197095 17503
197908 48552
197908 642
197909 9486
197909 80492
197910 5113
197950 1452
197950 122098
197950 187
197951 4790
197955 1885
198004 4630
198726 1208
198727 670
198848 515
198851 15736
198851 349
198851 19383
198852 2106
198853 14526
198853 23002
198870 16880
198870 72869
198890 1831
198890 1303
198890 477
199043 77776
199043 28266
199119 5489
199119 3530
199156 87604
199169 1157
199169 56784
199175 586
199175 388
199211 29106
199211 1329
199212 2193
199213 1368
199224 1836
199224 41795
199224 10
199224 92639
199227 326
199227 115397
199252 490
199267 308
199268 4437
199341 365
199341 7624
199342 7378
199347 375
199412 702
199443 517
199443 18737
199448 160
199449 107995
200244 318
200331 6538
200331 269
200332 674
200353 656
200546 275
200918 443
200919 1388
200989 1826
201279 216
201279 1228
201338 2627
201338 18650
201407 3358
201407 923
201410 216
201410 6
201544 31188
201544 633
201544 4
201560 3896
202052 10564
202108 4440
202729 12000
202795 412
202832 542
202837 1263
202840 26782
202840 297427
202957 529
202965 1972
202965 657
203318 1472
203320 441
203608 14430
203608 26730
203616 4916
204534 892
204536 543
204570 397
204571 13986
204730 1255
204730 1262
204730 29078
204730 418
204732 108588
204732 479
204733 51
204743 678
204744 750
205529 1810
205529 91
205529 445
205611 523
205611 462
205613 14611
205975 776
205994 49284
206006 510
206014 6498
206014 150
206015 2651
206216 704
206220 581
206368 1005
206389 503
206458 8
206458 466
206471 65845
206473 915
206474 605
206478 15181
206479 249492
206680 1869
206689 2477
206704 23774
206723 3356
206723 434
206724 1839
206731 53241
206732 51300
206752 2
206767 30874
206814 17843
206815 488
206815 8070
206817 1452
206817 866472
206826 36
206826 1394
206830 1100
206830 564421
206847 301
206854 356
206855 84
206856 10868
206896 346
206963 15009
206969 301
206971 400
207077 1952
207077 637
207079 2733
207108 318
207139 42
207139 216
207141 241293
207142 12284
207143 1175
207143 13185
207178 367
207178 8784
207183 13842
207198 346
207225 8688
207246 1443
207255 4157
207259 14480
207260 678
207269 1594
207518 1216
207518 21672
207518 677
207518 2145
207538 15763
207538 530
207544 327
207544 452
207544 3118
207671 630
208201 276
208227 304
208227 45
208227 2067
208227 259
208271 6661
208271 160638
208272 16257
208272 61854
208273 417
208278 1672
208285 3785
208470 12
208565 251
208604 1120
208605 84
208609 549
208614 1162
208615 7783
208615 54
208615 313
208689 20213
208699 216
209653 1660
209658 550
209670 43286
209671 2012
209732 2439
209749 17292
209836 365
209836 458
209840 3246
209841 26580
209854 720
210038 673
210797 735
210798 474
210803 275
210820 629
210823 1867
210823 63172
210824 72683
211240 1771814
211240 216
211243 1116
211243 3222
211244 273
211249 4
211266 55976
211270 161
211271 31360
211274 2067
211274 583
211275 108288
211277 856
211323 91
211331 1440
211363 4584
211477 6264
211482 18078
211483 1516
211484 45786
211881 25722
211881 32798
211881 2541
211883 30144
211901 16572
211901 38172
211903 3729
212147 47384
212160 1050
212483 624
213302 5663
213303 417
213305 839
213533 36
213563 1749
213613 2229
213614 838
213615 1682
213755 160
213755 301
213761 13414
213761 143032
213761 721
213762 1388
214186 16243
214684 335
214686 206
214686 7079
214686 2235
214710 516
214717 1452
214718 4409
214763 127896
214784 274
214796 552
214796 658
214918 579
214940 32878
214940 5
214947 740
214947 1267
215736 3
215747 4352
215772 510
215856 124
215857 1440
215857 2498
215895 14378
215955 1423
215956 927
215969 662
215970 510
215971 561
215973 30838
215973 34306
215973 15811
216214 2152
216215 573
216217 3432
216217 1568
216222 97
216654 7691
216655 703
216655 590
216678 45656
216678 63972
216682 534
217251 53191
217299 9012
217304 14389
217396 1200
217504 454
217660 373
217672 464
217672 7610
217672 316
217685 1587
217740 4965
217741 1940
217741 1214
217741 327
217746 477
217783 344
217795 1122
217795 526
217796 18371
217972 76407
217972 303
218199 65358
218206 34
218207 2
218207 129552
218291 740
218293 38600
218389 556
218389 449
218390 1845
218403 1919
218496 1393
218776 46311
218782 22154
219085 1593
219133 6545
219133 50251
219217 17315
219218 7037
219223 1503
219313 51054
219316 2146
219444 362
219466 2444
219466 7826
219467 589
219521 741
219525 1343
219531 13150
219591 1516
219597 107
219618 368
219632 533
219632 372
219866 629
219867 499
219868 192
220021 1931
220070 1329
220070 11038
220081 1847
220081 84
220082 52528
220083 2312
220096 110
220202 35
220459 1480
220459 349
220459 1503
220459 12674
220489 461
220489 89730
220701 509
220702 2444
220703 327
220714 1242
220755 417
220755 4173
220766 375174
220766 81290
220956 7650
220956 1269
221148 456
221150 446
221211 132
221307 348
221316 323
221318 38830
221318 2173
221319 6876
221743 14264
221743 590
221744 1858
221745 30
221753 505043
221753 511
221816 27840
221816 582
221819 244558
221946 8190
222746 703
222796 612
222797 1995
222797 578
223683 708
223892 40482
223893 3566
223893 51035
223944 373
223954 990
223959 58110
223959 419
223960 3285
224630 74831
224631 45
224828 1472
224828 145642
224829 22644
224990 18790
225479 2497
225547 457
225547 22918
225548 477
225548 1615
225549 590
225566 637
225790 346
225790 10382
225809 18541
225812 1080
225819 14601
225820 1674834
225821 58384
225821 343
225903 2351
225904 305
225905 317
225906 904
225922 588717
225922 1382
225928 14228
225929 480
225929 85449
225975 23316
225975 22456
226011 1814
226027 29050
226031 3351
226228 44872
226234 18586
226235 40952
226251 30142
226251 1803
226253 21476
226253 3624
226253 73042
226264 317
226449 160
226931 631
226931 33000
226932 707
226978 365
226984 1020
226986 4755
226988 3833
226990 16560
226990 10
226990 1501
227044 256
227044 2197
227044 1286
227044 827
227077 216
227606 327
227606 6847
227606 56
227606 3570
227606 132
227730 2464
227730 11909
227735 707
227767 8890
227767 1714
227848 959
227848 464
227857 5007
227972 56448
227989 81896
228453 6209
229259 517
229279 29644
229280 582
229280 426
229280 255
229280 33
229280 1814
229361 11834
229361 56
229564 593
230472 46366
230473 275
230473 458
231068 493
231068 368
231309 13661
231309 413
231369 260
231376 335
231417 1322
231427 6355
231456 2156
231477 1780
231928 13709
231928 382
232278 17724
232344 190
232345 401
232363 2489
232452 55250
232452 1472
232455 4190
232564 1332
232564 56650
232594 335
232710 3570
232711 17
232753 274
232847 1429
232858 1021
232858 532
232859 1050
232863 926
232881 19222
232893 1987
232904 1203
232904 124218
232904 84
232906 28275
233024 10050
233044 161
233633 2316
233633 365
233636 10714
234170 11338
234172 5976
234177 3
234177 332
234177 22050
234187 1518
234217 362
234222 1216
234223 13622
234223 706031
234225 1863
234226 551
234227 4509
234233 449
234237 1972
234237 6
234643 172908
234879 10
234896 1788
234996 578
234996 66000
235213 817
235680 45754
235686 1454
235686 4400
235687 110691
235692 1385
235722 537
235727 2
235748 99912
235748 663
235749 663
236296 61836
236296 1235
236297 594
236298 1615
236612 62826
236665 4034
236665 6591
236915 35984
236916 869
236917 5787
237644 1024
237710 1434
237710 10944
237711 23498
237714 708
237720 436
237748 2
237749 368
237750 1459
237780 5558
237780 54
237814 37008
237815 10927
237920 367
238117 19524
238928 3888
239123 26072
239334 3351
239339 18708
239367 3630
239368 41
239368 61186
239847 248616
239847 15616
239848 1518
239849 33706
239859 5100
240216 563
240218 2386
240219 3018
240219 8916
240219 3617
240227 1757926
240229 25180
240229 27750
240229 24508
240229 1672
240245 566
240247 367
240303 3
240308 3
240312 230
240312 56346
240312 677
240317 25309
240318 589
240319 413
240364 801
240364 56
240408 20224
240454 509
240454 750
240455 474
240460 419
240461 2150
240461 437
240461 313
240476 38956
240477 3778
240477 580
240477 750
240477 3
241144 3800
241145 412
241149 1505
241161 326
241161 78320
241161 50
241164 114468
241797 1660
241801 77550
241808 1614
241821 1672
241822 23609
241822 31538
241885 1063
241885 459
241928 13261
242002 2300
242016 697
242016 1236
242020 704
242091 264426
242091 497
242092 84607
242103 9378
242103 32922
242755 4639
242764 641
242765 56
242795 1080
242795 2738
242826 1440
242826 494
242826 646
242826 7168
242826 6
242866 12188
243055 2
243255 332
243948 33
243957 8168
243957 343
243983 115891
243986 478
243987 241
243987 72392
243989 91
243990 1338
243992 390
243992 1231
243995 5184
243997 13894
243997 3015
243997 1707
244018 29416
244019 101002
244019 40354
244019 34
244019 1266
244095 265
244095 5950
244095 367
244099 1830
244100 36918
244219 55606
244220 1432
244225 64208
244226 1569
244226 19252
244232 88264
244252 120809
244264 3
244265 3025
244267 9169
244268 628
244282 478
244283 3241
244284 91
244285 2119
244349 1214
244350 84
245002 326
245002 7028
245269 187
245270 2248
245570 228943
245578 3657
245578 233
245879 30888
245879 18
245910 2925
245911 403
245912 4163
245984 216
245984 464
245984 773
245984 1749
245985 3018
245986 16944
245986 1542
246056 1204
246056 4856
246056 436
246348 1194
246596 3087
246623 832
246624 2479
246631 19681
246667 20467
246668 2437
246668 345
246675 13208
247204 3
247214 1242
247215 412
247246 707
247247 224
247308 540
247355 311312
247674 582
247675 9157
247676 707
247680 87927
247682 1421
248101 790
248101 3640
248102 1147
248225 35310
248240 367
248321 3748
248327 2335
248347 495
248347 562
248347 8316
248347 4309
248358 694
248373 356
248373 6200
248374 3122
248374 25646
248375 417
248434 1909
248434 270316
248467 1893
248468 16418
248589 293
248659 517
248730 322645
248730 87228
248730 974
248730 672
248764 449
248765 510
248768 6028
248777 216
248777 1598
249757 2208
249757 12332
249786 396
249786 9138
249787 1125
250633 92808
250681 4
250686 284345
250686 5546
250751 33
250751 18302
250754 6366
250754 544
250756 1300
250761 22
250803 501
250804 301
251293 365
251295 463
251488 754
251496 14477
251498 187
251498 681
251499 1665
251508 414
251509 276
251905 4499
251940 29
252020 1179
252020 341
252091 161
252092 14428
252094 365
252117 187
252118 37210
252361 16712
252361 3443
252361 29856
252364 1295
252384 271
252863 3965
252872 1215
252905 478
252905 1237
253011 2529
253011 708
253017 7521
253019 15088
253038 476
253086 4504
253102 1080
253102 16690
253128 2484
253130 1773
253131 1109
253579 80046
253582 91
253643 104816
253677 10887
253677 639
253680 1098
253680 84
253680 619
253680 24266
253680 2145
253729 2870
253872 7174
253873 84
254364 1087
254365 6178
254896 624
255071 8998
255076 1472
255170 499
255170 413
255171 71028
255184 3710
255567 1091
255567 2281
255568 1739
255579 31548
255619 2081
255619 27460
255626 21235
255626 19894
255669 1193
255759 26385
255760 445
255761 16100
256002 183
256009 2509
256011 14712
256012 573
256012 216704
256013 2574
256013 21764
256268 4339
256884 625
256884 65754
256885 54
256931 3842
256994 222066
256994 26268
256995 161
256995 1642
257023 571
257353 23
257863 19876
257907 4121
257946 363
257954 418
257955 806
258341 2586
258341 10139
258403 990
258403 192
258407 499
258408 2464
258409 522
258409 324
258409 8222
258409 28084
258424 242
258467 497
259133 23167
259283 5079
259283 10827
259287 50
259307 1407
259310 5
259311 343
259311 1072
259314 19080
259611 87718
259752 1028
259828 390
259862 13136
259862 32688
259862 664
259865 7366
259978 54
259978 10922
260121 820
260143 560
260246 2270
260246 13482
260322 2456
260323 3659
260323 43910
260324 477
260325 10903
260340 366
260410 707
260415 1008
260862 1153
260863 421
260863 1194
260987 18030
261076 2216
261085 138880
261086 526
261086 35204
261088 36096
261784 708
262257 276
262724 352
262757 13044
262758 34730
262764 9
262764 3231
262768 78624
262768 91
262769 516
262793 255
262794 53332
262883 121218
262883 1633
262883 510
262883 1534
263074 1858
263106 2
263106 12
263125 84
263125 6763
263177 1857
263179 565
263179 2509
263180 45533
263181 4437
263182 514
263523 1022
263819 51242
263820 59
263823 7718
263823 280
263823 709
263823 1583
263828 37
263829 500
264282 678
264282 307
264772 1957
264772 4950
264778 36047
264798 20665
264798 454
264798 507
264798 689
264872 36
265610 424
265706 1006
265706 1496
265706 150
265709 10
265709 384
265709 457
266063 33406
266063 2161
266064 24358
266209 702
266210 1583
266214 26768
266779 23
266780 10856
266781 9341
266781 684
266782 320
266782 1030
266783 161
266789 453
266795 396
267325 2448
267326 88718
267364 6688
267365 18706
267494 23622
267495 597
267495 39
267496 33
267497 2053
267497 446
267497 15500
267552 8636
267553 1069
267599 67748
267632 4437
267638 2
267671 1029
267671 462
267674 344
267687 255
267713 37692
267713 704
267713 2251
268307 595
268326 84
268462 132232
269455 18210
269486 56
270265 515
270267 2
270270 66600
270276 21734
270289 1254
270292 43384
270293 580
270293 2964
270306 426
270308 680
270308 2
270431 20500
270498 37
270634 301
270793 823
270793 3638
270813 705
270813 275
270969 2016
270969 261
270969 551
270970 356
271034 598
271476 91346
271478 19480
271478 445
271478 2
271478 344
271561 5559
271895 3495
271895 303
271895 3
271895 95410
271901 17419
271902 152868
271923 2071
271924 1455
271956 102662
272444 608
272446 326
272446 1204
272451 25282
273289 663
273297 62132
273519 271770
273519 12
273800 8844
273808 544
273811 6968
273909 53772
273909 4
274099 937
274115 10
274115 1602
274115 337
274116 5807
274116 2210
274117 434
274117 93780
274118 1434
274129 5640
274159 4438
274210 2
274216 1240
274372 433
274372 16582
274960 3122
274966 70853
275141 2270
275167 442
275167 1643
275168 588
275168 1214
275168 13312
275168 29242
276064 1230
276065 698
276065 4485
276066 2070
276066 835
276116 27470
276118 3
276139 500
276223 13285
276224 330
276224 543
276249 2672
276346 17690
276353 2637
276388 522
276430 52094
276434 1714
276444 32224
276444 4561
276450 15892
276451 2209
276451 23245
276452 1187
276481 216
276485 2795
276485 10
276501 590
276501 5633
276502 852
276510 590
276512 1423
276673 13296
276673 326
276761 17022
276761 97294
276762 1303
276763 16918
276770 12
276770 166218
276770 240692
276798 1260
276838 37986
276839 28758
277258 490
277258 20991
277258 1775
277270 1332
277270 685
277270 707
277270 366
277270 413
277271 8367
277299 26204
278048 20658
278771 2481
278771 2843
278776 1556
278776 1431
278834 63317
278863 312
278977 12819
279085 592
279085 21986
279085 307
279085 305
279086 464
279095 169072
279095 6574
279108 9294
279109 1771
279110 55986
279403 1271
279403 606
279403 432
279642 48490
279993 3672
279993 18026
280031 54
280538 1647
280538 636
280564 474
280604 27696
280605 2033
280739 160
280739 71666
281327 968
281472 2117
281472 1871
281689 440
281690 794
281690 2427
281713 453
281714 23474
281773 615
281775 16842
281776 216
281777 1208
281778 1710
281780 1239
281814 6978
281814 529
281917 366
281917 19451
282054 1225
282054 33308
282813 1072
282931 515
282933 2320
282946 291
282960 250
282966 1062
283104 1538
283107 594
283146 573
283652 365
283663 28564
283664 1022837
283944 578
283950 233146
283952 892
284216 6015
284218 3103
284444 1108
284445 2
284448 3672
284449 55674
284453 316
284454 21885
285170 10556
285178 1220
285178 37944
285208 1671
285237 1093
285237 5401
285237 5497
285237 454
285238 1248
285238 15522
285238 305
285246 2651
285334 6
285490 3430
285501 4
285562 21985
285759 108086
285760 100394
285760 708
285760 35636
285762 33
285769 2
285769 306
285770 18692
285771 413
285828 72044
285836 23474
285836 37332
285974 268
286112 1780
286113 1596
286113 1013
286120 21286
287015 47294
287031 545
287037 3184
287037 46668
287038 324
287039 560
287214 742
287216 75162
287998 705
288316 21960
288421 16840
288596 1918
288676 349
288679 562
288736 1510
288736 5604
288738 314
288863 625
288924 47588
288925 25
288939 1745
288945 304
288948 1318
289588 326
289590 619
289617 2444
289649 9842
289650 367
289651 1257
289950 1903
289950 865
289951 1702
290165 712
290259 9430
290280 850
290322 3837
290597 25650
290598 23
290598 2432
290634 183
290666 4545
290759 186
290759 1771
290831 989
290831 51523
290960 66454
290960 407
290961 1214
290974 480
291001 451
291003 216
291004 896
291441 13287
291442 262642
291656 20924
291763 20020
291781 2270
292111 1485
292113 499
292114 456
292114 511
292145 38062
292154 732
292154 365
292221 18808
292223 24401
292225 417
292286 19021
292303 78
292304 34201
292314 581
292421 443
292421 516
292422 1182
292643 1185
292643 18170
292643 23712
292644 474
292644 2981
292680 1238
292900 86870
292901 107
292902 149344
292921 766
292922 551
292922 25684
292922 71
293093 30454
293094 48304
293094 1377
293110 16197
293112 10802
293116 6233
293545 550
293547 143612
293547 45
293769 1720
294241 619
294259 574
294259 517
294259 3559
294260 742
294420 301
295122 515425
295131 516
295131 3416
295133 56448
295134 12872
295164 183
295164 16929
295164 487
295180 190
295180 58398
295447 42960
295448 50
295448 516
295449 114354
295451 1432
295507 432
295507 7014
295507 255
295562 1540
295566 91
295566 414
295566 1032
295566 256
295582 2578
296050 2316
296111 1301860
296402 2945
296402 34862
296431 513
296441 1094
296441 480
296443 216
296443 944
296444 512
296445 328
296446 2931
296450 1864
296450 413
296450 355
296450 2250
296608 414
296650 67836
297562 337
297563 1503
297566 82
297566 41
297566 17902
297571 2711
297574 128830
297577 549
297577 414
297577 736
297582 304
297592 33
297592 3380
297592 414
297593 934
297594 472
298358 4110
298359 216
298370 658
298453 1469
298478 306
298481 7688
298671 63568
298763 1212
298764 574
298764 597
298774 50802
298789 494
298790 12144
298791 25148
299286 19715
299287 1942
299459 2744
299459 1076
299467 512
299467 326
299589 30594
300470 1140
300472 19886
300662 123807
300707 41
300951 69184
300951 30160
300952 1267
301104 30948
301165 56
301170 65232
301901 29438
301901 23
301902 478
301902 562
301902 58998
301903 29
301903 323
301907 36100
301907 101336
301934 271400
301934 2853
301935 3531
301935 32890
302277 64876
302363 2772
302404 20470
302405 6746
302408 251
302408 222086
302410 65
302417 91351
302419 54018
302419 8577
302419 2173
302419 573
302419 87612
302419 634
302419 2936
302419 1076
302449 3010
302449 33958
302449 547
302449 36
302480 893
302516 88708
302516 83
302526 186
302526 1650
302650 845
302667 153366
302693 6782
302701 590
302797 20109
302798 17828
302798 14922
302847 115418
302848 57896
302849 517
302852 554
302852 11569
302861 41580
302861 1316
302870 313
302874 420
302878 549
302878 313
302879 2142
302879 418
302930 42396
302930 995
302930 351
302931 930
302933 3903
302934 6848
302941 6716
302943 661
302989 40
303007 862
303452 1220
303648 1080
303649 78
303651 7314
303651 442
304422 44380
304444 1691
304444 354
304444 78
304473 33534
304517 331
304518 737
304519 1385
304728 216
305031 123038
305031 427
305033 361
305077 620
305077 6042
305087 623
305092 20096
305094 115887
305094 12
305094 323
305095 49288
305811 35322
305812 23146
305812 511
305813 356
305842 12268
305843 517
305843 52284
305843 1696
306090 36
306117 772
306120 2798
306120 9682
306227 548
306227 4008
307170 2635
307171 2336
307171 12530
307171 6786
307171 593
307241 419
307241 2685
307241 31984
307314 23502
307320 9921
307361 2189
307361 71852
307361 338
307361 3048
307380 2687
307380 1023
307380 365
307380 20760
307592 61250
307646 10276
307646 6
307647 583
307654 291
307661 30386
307701 38278
308054 54
308055 56
308055 23
308055 2300
308055 33
308059 1288
308060 23844
308063 81454
308064 591
308626 357
308629 552
308691 1418
308694 5327
308880 572
308908 28
309019 1213
309019 383
309020 327
309020 417
309024 506
309025 414
309032 19714
309034 180566
309074 43892
309247 14114
309248 11642
309261 494
309262 19431
310069 91
310070 34816
310071 2968
310072 8400
310072 3
310245 50142
310249 30530
310250 456
310251 456
310263 27801
310295 363
310295 720
310525 23
310531 1641
310531 365
310534 414
310535 523
310555 1748
310561 16957
310561 16
310561 545
310651 107130
310683 592
310688 9158
310689 49
310690 306
311102 3176
311102 1516
311103 275
311688 393
311689 6585
311690 36628
311690 6138
311702 11610
311703 1099
311705 216
311748 25942
311749 662
311749 135792
311798 5367
311799 460
311802 18392
311802 994
311913 28613
311913 18381
311916 357
311922 323
311923 19
311956 834
311956 1101
311959 2645
311973 20856
311973 2389
311974 45
312010 550
312014 831
312014 52553
312057 2432
312057 8082
312082 1693
312108 1486
312116 590
312116 23
312116 676
312116 2412
312121 35876
312506 457
312517 1230
312543 1952
312543 35129
312543 213982
312567 413
312657 2000
312658 37294
312893 15348
312894 2
312894 686
312895 5976
312934 1056
312945 84
312945 21312
313011 11389
313064 704
313064 5433
313064 115374
313568 327
313572 1878
313606 6786
313607 1687
313607 19788
313607 24258
314472 1687
314476 1970
315160 3064
315160 3
315225 19507
315337 28984
315512 53
315571 340
315583 2656
315591 551
315615 47698
315615 367
315616 29218
315616 16891
315616 721
315624 1343
315624 343
315624 2815
315625 641
316203 216
